-0.0169046 -0.0223522 0.458598
-0.0168781 -0.022324 0.458603
-0.0162586 -0.0219092 0.458761
-0.015064 -0.0214962 0.459133
-0.0137764 -0.0211365 0.459547
-0.0131364 -0.0211222 0.459789
-0.0124878 -0.0211493 0.460042
-0.0120745 -0.0211708 0.460208
-0.0111699 -0.0212273 0.460576
-0.0106038 -0.0212628 0.460815
-0.0101015 -0.0212928 0.46103
-0.0094569 -0.0213134 0.461317
-0.00823299 -0.021337 0.461866
-0.00709236 -0.0213353 0.462381
-0.00650007 -0.0213194 0.46265
-0.00598055 -0.0212934 0.462888
-0.00515339 -0.0212396 0.463268
-0.00451016 -0.0211977 0.463564
-0.0040466 -0.0211626 0.463782
-0.0035269 -0.0211209 0.464029
-0.00325443 -0.0210987 0.464162
-0.00231339 -0.0210231 0.464648
-0.00140869 -0.0209542 0.465171
-0.00129603 -0.0209456 0.465238
-0.000455322 -0.020881 0.465771
-0.000121524 -0.0208568 0.465985
0.000553767 -0.0208123 0.466423
0.000862683 -0.0207549 0.466645
0.00154289 -0.0205261 0.467185
0.00224929 -0.0202702 0.467758
0.0030318 -0.019978 0.468404
0.00378719 -0.0196892 0.469039
0.0040772 -0.0195773 0.469284
0.00437414 -0.0194605 0.469558
0.00553895 -0.0190163 0.470329
0.00633161 -0.018718 0.470862
0.00685732 -0.0185347 0.471235
0.00733678 -0.0183752 0.471585
0.00819087 -0.0181208 0.472244
0.00861369 -0.0179993 0.472574
0.00912453 -0.0178621 0.473005
0.00964144 -0.0177273 0.473453
0.0101022 -0.0175907 0.473883
0.0105351 -0.0174508 0.474292
0.0111688 -0.0174214 0.47463
0.011816 -0.0173585 0.475027
0.0124214 -0.0172918 0.475408
0.012983 -0.0172266 0.475759
0.013616 -0.0171459 0.476151
0.0142869 -0.017082 0.476566
0.0151679 -0.0168949 0.477114
0.01584 -0.0168509 0.477543
0.0163946 -0.0168874 0.477904
0.0169061 -0.0167964 0.478218
0.0177452 -0.0161471 0.479

0.010958 -0.00961589 0.464677
0.0114029 -0.00979403 0.465084
0.0119755 -0.00981412 0.465482
0.0122774 -0.00986932 0.465739
0.0129685 -0.0099805 0.46631
0.0137243 -0.0100885 0.466917
0.0146669 -0.0102041 0.467651
0.0153129 -0.0102673 0.468135
0.0157381 -0.0103081 0.468453
0.0162985 -0.0103636 0.468876
0.0169088 -0.010435 0.469363
0.0175578 -0.010569 0.469989
0.0178691 -0.0107356 0.470508
0.0180522 -0.0108466 0.470824
0.018177 -0.0111077 0.47143
0.0182251 -0.0114054 0.472073
0.0182383 -0.0117312 0.472735
0.018238 -0.0117429 0.472759
0.0181955 -0.0121502 0.473536
0.0180996 -0.0126708 0.474482
0.0179326 -0.0133147 0.475613
0.01784 -0.0137123 0.476317
0.0177894 -0.0143657 0.477348
0.0177599 -0.0149439 0.478272
0.0177452 -0.0161471 0.479

0.00231537 -0.0614972 0.470851
0.00254421 -0.0616941 0.47116
0.00291223 -0.0620139 0.471664
0.00307445 -0.0621583 0.471896
0.00323455 -0.0623019 0.472128
0.00342805 -0.0624757 0.472414
0.00379549 -0.0628046 0.472965
0.00421834 -0.0631694 0.473629
0.00455734 -0.0634588 0.474164
0.00492415 -0.0637537 0.474766
0.00532729 -0.0640584 0.475438
0.00575655 -0.0643234 0.476181
0.00608963 -0.0644827 0.476781
0.00625369 -0.0645358 0.477081
0.00655751 -0.0645459 0.477638
0.00713335 -0.0643751 0.478653
0.00752935 -0.0640202 0.479286
0.00777348 -0.0637197 0.479644
0.00798598 -0.0634538 0.479943
0.00820206 -0.0631835 0.480237
0.00848825 -0.0628224 0.480623
0.00881402 -0.0624228 0.481037
0.0091022 -0.0620814 0.481387
0.00936664 -0.0617779 0.4817
0.00966294 -0.0614605 0.482031
0.0100801 -0.0610474 0.482472
0.0107245 -0.0604416 0.483137
0.0110047 -0.0602119 0.483433
0.0118058 -0.0596336 0.484234
0.0125725 -0.0592168 0.485029

0.0285106 -0.0251394 0.474015
0.0284684 -0.0250033 0.474177
0.0283906 -0.0247503 0.47447
0.0282503 -0.0242595 0.475026
0.0282025 -0.0240785 0.475224
0.028135 -0.0237841 0.475542
0.0280172 -0.0234523 0.475881
0.0279819 -0.0230201 0.476353
0.0278931 -0.0223357 0.477065

0.0234755 0.0079995 0.473681
0.023138 0.00800259 0.473833
0.0226756 0.00798917 0.474049
0.0222114 0.00795906 0.47423
0.0216509 0.00798938 0.474503
0.0209372 0.00805134 0.474825
0.0199583 0.00797244 0.475273
0.0193696 0.00792019 0.475543
0.0184211 0.00833179 0.476175

0.013691 0.0195889 0.476715
0.0140927 0.0192672 0.476796
0.0145329 0.0189359 0.476869
0.0150174 0.0185704 0.476956
0.0155739 0.0180505 0.477125
0.0163174 0.0172545 0.477417
0.0169342 0.0166715 0.477641
0.0171452 0.0163644 0.477727
0.017523 0.0155133 0.477911
0.017959 0.014543 0.4781
0.0180509 0.0139654 0.478132
0.0180824 0.0134924 0.478122
0.0180245 0.0129811 0.478096
0.0179854 0.0122634 0.477894
0.0179918 0.0115116 0.477588
0.0180142 0.0104587 0.477153
0.0180605 0.0095384 0.476773
0.0184211 0.00833179 0.476175

0.0278931 -0.0223357 0.477065
0.0285663 -0.0218632 0.477724
0.0292418 -0.0216061 0.478146
0.0298275 -0.0213512 0.478538
0.0306899 -0.0209862 0.479097
0.0315821 -0.0206215 0.479659
0.0329519 -0.0199936 0.480361
0.0337679 -0.0198761 0.48044

0.0278931 -0.0223357 0.477065
0.027259 -0.0220566 0.477218
0.026654 -0.0219115 0.477236
0.0261353 -0.0217502 0.477308
0.0256324 -0.0216046 0.477376
0.0251547 -0.0214475 0.477473
0.0246808 -0.0212896 0.477577
0.0240254 -0.0210724 0.477733
0.0233472 -0.0208405 0.477914
0.0228873 -0.0206813 0.47805
0.0223365 -0.0204916 0.478224
0.0219858 -0.0203603 0.478343
0.0215624 -0.0201672 0.478514
0.0208345 -0.0197822 0.478732
0.0202279 -0.0193936 0.478883
0.0196281 -0.0190211 0.478988

0.0177452 -0.0161471 0.479
0.0186809 -0.0159477 0.480566
0.0189513 -0.0160344 0.481186
0.0193799 -0.0161048 0.482267
0.0196585 -0.0160826 0.482936
0.019783 -0.0162357 0.484049

0.0177452 -0.0161471 0.479
0.0184052 -0.0172679 0.479273
0.0188036 -0.0181023 0.479183
0.0196281 -0.0190211 0.478988

0.0177452 -0.0161471 0.479
0.0180863 -0.0146162 0.479922
0.0180189 -0.0140343 0.480094
0.0179422 -0.0133361 0.480361
0.0178203 -0.0128611 0.480471
0.017585 -0.012054 0.480683
0.0172785 -0.0111223 0.480878
0.016996 -0.0105011 0.480929
0.0167244 -0.00989312 0.480986
0.0163586 -0.0090699 0.481056
0.0160483 -0.00836698 0.481087
0.0158863 -0.00799706 0.481095
0.0157134 -0.00759522 0.48109
0.0154094 -0.00687874 0.481059
0.0152214 -0.00641626 0.481018
0.0150142 -0.00588074 0.480948
0.0147849 -0.00529956 0.480858
0.0145965 -0.0047704 0.480733
0.0143478 -0.00412616 0.480591
0.0141444 -0.00352724 0.480385
0.0140128 -0.00301605 0.48016
0.0139417 -0.00263659 0.479945
0.0137674 -0.00215885 0.479658
0.0135835 -0.000990888 0.478927
0.0132823 6.11063e-05 0.478233

-0.0405379 -0.0582042 0.478548
-0.0403188 -0.0581233 0.478834
-0.0400852 -0.0580378 0.479136
-0.0397947 -0.0579325 0.479507
-0.03929 -0.0577541 0.480132
-0.0389167 -0.0576263 0.480568
-0.0385909 -0.0575175 0.480934
-0.0378066 -0.0572624 0.481725
-0.0371609 -0.0570564 0.482285
-0.036623 -0.0568855 0.482711
-0.036003 -0.0566878 0.483173
-0.0345836 -0.0562254 0.484228
-0.0339066 -0.0560447 0.48436
-0.0333366 -0.055921 0.484507
-0.033051 -0.0558594 0.484581
-0.0325497 -0.0557532 0.484713
-0.0318011 -0.0554858 0.484912
-0.0309881 -0.0552218 0.485156
-0.0303406 -0.0550079 0.485356
-0.0296937 -0.0547943 0.485563
-0.0289709 -0.054539 0.485796
-0.0282117 -0.054495 0.486151
-0.0277492 -0.0545124 0.486363
-0.0269782 -0.0546356 0.486665
-0.0260248 -0.0544135 0.487245
-0.0252444 -0.0542735 0.487707
-0.0245199 -0.0541383 0.488137
-0.0242983 -0.0540966 0.488271
-0.0238486 -0.0540081 0.488552
-0.0230112 -0.0538314 0.489098
-0.0226813 -0.0537555 0.489326
-0.0223538 -0.0536735 0.489564
-0.0219883 -0.0535741 0.489846
-0.0208054 -0.0532417 0.490784
-0.0197033 -0.0529286 0.491685
-0.0191999 -0.0527871 0.492119
-0.0188166 -0.0526829 0.49247
-0.0181934 -0.0525193 0.493052
-0.0168328 -0.0521358 0.494318
-0.0161302 -0.0520841 0.49458
-0.0159104 -0.052087 0.49469
-0.0152685 -0.0520835 0.495019
-0.0145767 -0.0521805 0.495183
-0.0136873 -0.0521466 0.49546
-0.0132071 -0.0521078 0.49561
-0.0126097 -0.0520463 0.495776
-0.0120428 -0.0519931 0.495955
-0.0112866 -0.051939 0.496248
-0.0108012 -0.0518938 0.496342
-0.0101534 -0.0518422 0.496461
-0.00961909 -0.0518771 0.496488
-0.00908209 -0.051796 0.496578
-0.00853066 -0.0517509 0.496693
-0.00796126 -0.051689 0.496821
-0.00749942 -0.051647 0.496943
-0.00724574 -0.0516524 0.497004
-0.00684754 -0.0515979 0.497105
-0.00621811 -0.0515774 0.497274
-0.00579789 -0.0515701 0.497393
-0.00478883 -0.0515188 0.497726
-0.00386606 -0.0514058 0.498119
-0.00334433 -0.0513505 0.498352
-0.00271577 -0.0513102 0.49869
-0.00220171 -0.0513239 0.499072
-0.00151994 -0.0513423 0.499423
-0.000643863 -0.0514373 0.499845
-0.000293388 -0.0517867 0.500525
0.000110202 -0.0522151 0.501184
0.000329236 -0.0524751 0.501561
0.000645021 -0.0528427 0.502084
0.000804293 -0.0530406 0.502368
0.000982036 -0.0535898 0.502948
0.00122456 -0.0542669 0.503675

0.0132823 6.11063e-05 0.478233
0.0120016 0.000332371 0.477988
0.0113044 0.00051916 0.477823
0.0107691 0.0007941 0.477562
0.0101158 0.00108179 0.477256
0.00947345 0.00137561 0.476927
0.00872537 0.00175671 0.476454
0.00854741 0.00185031 0.476331
0.00782921 0.00224899 0.475782
0.00738976 0.0025028 0.475425
0.00704787 0.00272054 0.475108
0.00647317 0.00310224 0.474479
0.0060649 0.00338387 0.474004
0.00534083 0.00391783 0.473317
0.00467762 0.00440809 0.472747
0.00444055 0.00458501 0.472587
0.00403274 0.00488578 0.472331
0.00338046 0.00535016 0.472094
0.00289453 0.00569056 0.471973
0.00251779 0.00594887 0.471955

0.0132823 6.11063e-05 0.478233
0.0143486 0.000667869 0.477901
0.0144471 0.000880881 0.47778
0.0149711 0.00167103 0.477401
0.0152315 0.00204638 0.47725
0.015534 0.00256299 0.477069
0.015844 0.00306223 0.476902
0.0163031 0.0038542 0.47666
0.0165311 0.00427157 0.476549
0.0167819 0.00475336 0.476443
0.0170747 0.00534202 0.476333
0.0174583 0.00612954 0.476218
0.0176571 0.00662343 0.47619
0.0177379 0.00683741 0.476184
0.0178958 0.00720465 0.476173
0.0180304 0.00758757 0.476184
0.0184211 0.00833179 0.476175

0.0356895 -0.0590309 0.482756
0.0350729 -0.0593764 0.482234
0.0345636 -0.0596603 0.481804
0.034313 -0.0597985 0.481593
0.0340706 -0.0599292 0.481394
0.0332384 -0.0603759 0.480711
0.0328367 -0.060583 0.480401
0.032269 -0.0608629 0.480027
0.0319485 -0.061011 0.479843
0.0316791 -0.0611339 0.479724
0.0310876 -0.0613648 0.479489
0.0304002 -0.0616143 0.479489
0.0296105 -0.0618153 0.479506
0.0287762 -0.0619753 0.479583
0.028145 -0.0620052 0.479691
0.0276877 -0.0620222 0.479775
0.0270707 -0.0620238 0.4799
0.0266781 -0.0620017 0.479987
0.0256759 -0.0618994 0.480231
0.0248252 -0.061752 0.480469
0.0244332 -0.0616591 0.480594
0.0239473 -0.0615258 0.48076
0.0232589 -0.0612468 0.481049
0.0217442 -0.0605275 0.481756
0.0212798 -0.0603249 0.481992
0.0201408 -0.0601177 0.482343
0.0193038 -0.0599569 0.482606
0.0182011 -0.0597573 0.482963
0.0177644 -0.0596798 0.483105
0.0173863 -0.0596186 0.483232
0.0165636 -0.0594942 0.483535
0.0156617 -0.0593664 0.483876
0.0151342 -0.0593186 0.484054
0.0146207 -0.0592464 0.484343
0.0141853 -0.0592318 0.484503
0.0137853 -0.0591976 0.484718
0.0125725 -0.0592168 0.485029

0.019783 -0.0162357 0.484049
0.0191206 -0.0165216 0.484657
0.0189816 -0.0165857 0.48476
0.0186748 -0.0167304 0.485031
0.0177903 -0.0171657 0.485406
0.0169407 -0.0176061 0.485823
0.016521 -0.0178463 0.485863
0.0160889 -0.0181785 0.485901
0.0154978 -0.0186514 0.485924
0.0149037 -0.0192604 0.485896
0.0145787 -0.0196861 0.485839
0.0144805 -0.0198426 0.485809
0.0142372 -0.0202398 0.485736
0.0141043 -0.020455 0.485696
0.0138966 -0.0207983 0.485632
0.0138067 -0.020953 0.4856
0.0135694 -0.0213563 0.485518
0.0133239 -0.0217748 0.485424
0.012987 -0.0223752 0.485259
0.0127207 -0.0227994 0.485127
0.0123364 -0.0234194 0.484895
0.0119979 -0.0239275 0.484666
0.0115237 -0.0246248 0.484288
0.0110583 -0.025205 0.483927
0.0105402 -0.0257768 0.48357
0.0102625 -0.0260699 0.483392
0.00997608 -0.0263544 0.483227
0.00937619 -0.0269361 0.482924
0.00889183 -0.02741 0.482711
0.00847754 -0.0278294 0.48254
0.00813556 -0.0281667 0.48241
0.00784024 -0.0284786 0.482294
0.00763041 -0.0287024 0.482215
0.00724328 -0.0291227 0.482068
0.00689324 -0.0295283 0.481929

0.019783 -0.0162357 0.484049
0.0204035 -0.016083 0.484495
0.0207058 -0.0160371 0.484821
0.021262 -0.0159999 0.485611
0.0216208 -0.0160094 0.486163
0.0221482 -0.0160612 0.487038
0.0230416 -0.0162271 0.488634
0.023434 -0.0162376 0.489329
0.0240154 -0.0160943 0.490306

0.0240154 -0.0160943 0.490306
0.0247959 -0.0147139 0.490689
0.025409 -0.0136245 0.49103
0.0256474 -0.013187 0.491155
0.0258848 -0.0127533 0.491281
0.0262203 -0.0121523 0.491476
0.026512 -0.0116211 0.491655
0.0268473 -0.0110024 0.491855
0.0269724 -0.010776 0.491931
0.0272463 -0.0102866 0.492101
0.0276781 -0.00950371 0.492396
0.0283208 -0.00861948 0.492564
0.0285572 -0.00829693 0.492623
0.0288534 -0.00790801 0.492684
0.0296527 -0.00691425 0.492667
0.0303561 -0.00610937 0.492651
0.0308598 -0.00555718 0.492643
0.0311535 -0.0052396 0.49264
0.0315784 -0.00482269 0.492635
0.0318965 -0.00446677 0.492654
0.0325015 -0.00383635 0.492689
0.0331161 -0.00328844 0.492716
0.0337589 -0.00285966 0.492692
0.0347383 -0.00239105 0.492581

0.0240154 -0.0160943 0.490306
0.0238401 -0.0171504 0.49082
0.0237973 -0.0176434 0.491166
0.0237679 -0.0180135 0.491412
0.0237334 -0.0184611 0.491725
0.0237123 -0.0188922 0.492021
0.0236659 -0.0192588 0.492289
0.0234047 -0.0203041 0.493244

0.0347383 -0.00239105 0.492581
0.0343523 -0.00129052 0.493143
0.0343159 -0.000710484 0.493389
0.0342325 -0.000159441 0.493638
0.0342039 0.000525273 0.493918
0.0343307 0.00143311 0.494258
0.0344232 0.00203376 0.49448
0.0345401 0.0027525 0.494744
0.0346882 0.00334278 0.494933
0.0348208 0.0037863 0.495069
0.035029 0.00444957 0.495268
0.0353983 0.00549966 0.495567
0.0355999 0.00604544 0.495722
0.035876 0.00677525 0.495928
0.0360605 0.00723398 0.496058
0.0366377 0.00862795 0.496438

0.0347383 -0.00239105 0.492581
0.0354762 -0.00262542 0.492259
0.0361994 -0.00282365 0.491977
0.0369338 -0.00288192 0.491748
0.0375557 -0.00300736 0.491533

0.033499 -0.0242615 0.494443
0.0331654 -0.0242041 0.494328
0.0320586 -0.0239923 0.49393
0.0317899 -0.0239155 0.493811
0.0311004 -0.023801 0.493467
0.0304897 -0.0237818 0.493311
0.0300653 -0.0237305 0.493227
0.0298774 -0.0236971 0.493179
0.0290945 -0.0235427 0.492995
0.0279819 -0.023297 0.492749
0.0269927 -0.0230193 0.492571
0.0264946 -0.0228248 0.492536
0.0262371 -0.0227249 0.492517
0.0257323 -0.0224237 0.492511
0.0244271 -0.0210916 0.492797
0.0234047 -0.0203041 0.493244

0.0234047 -0.0203041 0.493244
0.0227665 -0.0207481 0.494163
0.0224032 -0.0210466 0.494723
0.0216389 -0.0215936 0.495838
0.0209208 -0.0221624 0.496795
0.0203758 -0.0226022 0.497722
0.0199556 -0.0229565 0.498554
0.0196608 -0.0232143 0.499188
0.0194255 -0.0234193 0.499671
0.0192078 -0.0236622 0.500447

-0.0436452 -0.0668629 0.496597
-0.0435115 -0.0668366 0.496689
-0.0433569 -0.0668053 0.496798
-0.0430282 -0.0667466 0.497034
-0.0426077 -0.066678 0.497342
-0.0421756 -0.0666177 0.497666
-0.0418474 -0.0665743 0.497917
-0.0414183 -0.0665202 0.498251
-0.0410397 -0.0664735 0.498549
-0.04071 -0.0664303 0.498805
-0.0402129 -0.0663596 0.499187
-0.0390106 -0.0661639 0.500067
-0.0385946 -0.0660808 0.500341
-0.03834 -0.0660259 0.500501
-0.037821 -0.0659044 0.500817
-0.0374059 -0.0657947 0.501052
-0.0369841 -0.0656758 0.501276
-0.0367938 -0.0656196 0.501371
-0.0354963 -0.0652074 0.501953
-0.0348111 -0.0649825 0.502233
-0.0345044 -0.0648791 0.50235
-0.0339091 -0.0646774 0.502578
-0.0337152 -0.0646119 0.502654
-0.0334073 -0.0645073 0.502776
-0.0329985 -0.0643657 0.502942
-0.0321181 -0.0640511 0.503316
-0.0316884 -0.0638816 0.503517
-0.0312662 -0.0636975 0.503731
-0.0309038 -0.0635087 0.503942
-0.030497 -0.0632717 0.504201
-0.0302291 -0.0630621 0.504411
-0.0300833 -0.0629237 0.504544
-0.0297577 -0.0626305 0.504823
-0.0295215 -0.0623006 0.505113
-0.0292324 -0.0619943 0.505382
-0.0290565 -0.0608042 0.506331

0.00910412 -0.0581959 0.49716
0.00933813 -0.057867 0.496057
0.00949165 -0.0575405 0.495183
0.00982583 -0.0574592 0.494275
0.0100525 -0.0574447 0.493699
0.0102256 -0.057444 0.493204
0.0104148 -0.0574554 0.492667
0.0107221 -0.0575129 0.491788
0.011023 -0.0576289 0.490906
0.0113178 -0.0577943 0.489985
0.0114908 -0.0579048 0.489426
0.011712 -0.0580675 0.488726
0.0118604 -0.0581865 0.488243
0.0120205 -0.0583627 0.487596
0.0123415 -0.0585847 0.48686
0.0124974 -0.0587417 0.486379
0.0125965 -0.0588883 0.485942
0.0125725 -0.0592168 0.485029

0.00910412 -0.0581959 0.49716
0.00979771 -0.0591076 0.497041
0.0102739 -0.060009 0.497307
0.0105596 -0.0606457 0.497394
0.0109064 -0.0615586 0.497459
0.0110935 -0.0620682 0.497492
0.0111863 -0.0624177 0.497508
0.0112836 -0.0628404 0.497507
0.0113508 -0.0632557 0.497481
0.0114009 -0.0635202 0.497447
0.01143 -0.0636896 0.497417
0.0115109 -0.0641431 0.497318
0.0115764 -0.0645722 0.497169
0.0116472 -0.0649647 0.497018
0.0117624 -0.0655483 0.496753
0.0118617 -0.0660274 0.496528
0.0121075 -0.0669711 0.49604
0.0122951 -0.0675587 0.495727
0.0124478 -0.0680148 0.495488
0.0125477 -0.0683134 0.495335
0.0127512 -0.0689575 0.495038
0.0130664 -0.0701094 0.494575
0.0131866 -0.0706198 0.4944
0.0133126 -0.0712564 0.494217
0.0134348 -0.0719101 0.494046
0.0135084 -0.0724101 0.493926
0.0135495 -0.072763 0.493843
0.0135912 -0.0732709 0.493725
0.0136355 -0.0740412 0.493541
0.0136724 -0.0747169 0.493383
0.0136769 -0.0747979 0.493365
0.0137073 -0.0751941 0.493272
0.013765 -0.0758346 0.49312
0.0138322 -0.0765167 0.492958
0.0139239 -0.0772839 0.492764
0.0139927 -0.0777347 0.492646
0.0140906 -0.0783906 0.492468
0.0141541 -0.0787932 0.492355
0.0141818 -0.0789988 0.492298
0.0142483 -0.079476 0.492159
0.0143064 -0.0799001 0.492035
0.0143114 -0.079936 0.492022
0.0143635 -0.0803876 0.491883
0.0144316 -0.0808687 0.491712
0.0144841 -0.0812713 0.491557
0.0145674 -0.0818084 0.491335
0.0146685 -0.0824359 0.49105
0.014756 -0.0830534 0.490763
0.0148025 -0.0835579 0.490524
0.0148589 -0.0840348 0.490296
0.014902 -0.0844103 0.49011
0.0149218 -0.0845848 0.490024
0.0149633 -0.0849088 0.489859
0.0150522 -0.0854242 0.489598

0.00910412 -0.0581959 0.49716
0.00870597 -0.0580115 0.497806
0.00830883 -0.0578417 0.498512
0.00793797 -0.057681 0.499247
0.00775416 -0.0576029 0.499648
0.00741112 -0.0573629 0.500529
0.00724447 -0.0572457 0.500975
0.00703571 -0.0570819 0.501425
0.00688702 -0.0570364 0.502115

0.0164416 -0.0633318 0.506312
0.0150884 -0.0633134 0.505884
0.0145918 -0.062924 0.505701
0.0139168 -0.0625424 0.505475
0.0127974 -0.0620193 0.50511
0.012425 -0.0618206 0.504985
0.0119745 -0.0615633 0.504838
0.0112902 -0.0611522 0.504604
0.0107877 -0.0608181 0.504373
0.0100551 -0.0602961 0.504023
0.00960181 -0.0599528 0.503887
0.00851943 -0.0588894 0.503055
0.00816807 -0.0585328 0.50276
0.00781342 -0.0581534 0.502448
0.00688702 -0.0570364 0.502115

0.0164416 -0.0633318 0.506312
0.0169393 -0.0631455 0.50645
0.0172947 -0.0628711 0.506535
0.018011 -0.0623968 0.506738
0.0185153 -0.0621627 0.5069
0.0191025 -0.0619018 0.507099
0.0198361 -0.0616115 0.507363
0.020701 -0.0612832 0.507682
0.021866 -0.0609096 0.508127
0.0221825 -0.0608736 0.508248
0.0229793 -0.0608246 0.508522
0.0235219 -0.0607398 0.50864
0.0243199 -0.0606112 0.50883
0.0250728 -0.060489 0.509013
0.0261009 -0.0603152 0.509262
0.0266874 -0.0602265 0.509356
0.0271655 -0.0601189 0.509432
0.0278716 -0.0599617 0.509543
0.0292251 -0.0596901 0.50987
0.0297449 -0.0595816 0.509996
0.0303331 -0.059558 0.510149
0.0311273 -0.059876 0.510382
0.0319603 -0.0602187 0.51063
0.0325165 -0.0604488 0.510799
0.0330944 -0.0606894 0.510978
0.0339803 -0.0610593 0.511276
0.0349359 -0.0614543 0.511619
0.0352789 -0.0615938 0.511725
0.0357234 -0.061767 0.51181
0.0358823 -0.061827 0.511826
0.0365265 -0.0620776 0.511892
0.0372193 -0.062367 0.511954
0.0380084 -0.0627057 0.512019
0.0382499 -0.0628101 0.512039
0.038555 -0.0629435 0.512064
0.0394254 -0.0633262 0.512137
0.039564 -0.0633843 0.512144
0.040063 -0.0635901 0.512163
0.0405756 -0.0637767 0.512172

0.0164416 -0.0633318 0.506312
0.0165998 -0.0640727 0.506448
0.0165879 -0.0650138 0.506555
0.0167356 -0.0655303 0.506685
0.0169872 -0.0661755 0.506901
0.0171338 -0.0665793 0.507041
0.0176633 -0.067862 0.50755
0.0181216 -0.0688788 0.508001
0.0187247 -0.0700764 0.508497
0.0192281 -0.0710317 0.508868
0.0194263 -0.0713945 0.509011
0.0198359 -0.0721182 0.509293
0.0200641 -0.0725165 0.509451
0.0204037 -0.0731019 0.509686
0.0207244 -0.073642 0.509917
0.0211172 -0.0742907 0.510226
0.0214898 -0.0748212 0.51047
0.0218416 -0.0754399 0.510819
0.0219669 -0.0763152 0.51101

0.0101194 -0.0269363 0.505438
0.00950981 -0.0265518 0.5061
0.00922685 -0.0258873 0.506436
0.00889875 -0.025284 0.506822
0.00841693 -0.0243353 0.507399
0.00814582 -0.0235818 0.507761
0.00790444 -0.0228868 0.508101
0.0077159 -0.0223411 0.50836
0.00741471 -0.0214663 0.508761
0.00721834 -0.0208318 0.509028
0.0070544 -0.0202414 0.509257
0.00681322 -0.0193888 0.50956
0.0064717 -0.0182158 0.509931
0.00628942 -0.0175895 0.510123
0.0061416 -0.0170937 0.510261
0.00593315 -0.0164133 0.51044
0.00569014 -0.0156704 0.510619
0.00532293 -0.0145581 0.510863
0.00502251 -0.0136654 0.511032
0.0046832 -0.0126857 0.511185
0.00448904 -0.0120762 0.511253

0.0101194 -0.0269363 0.505438
0.0108197 -0.0269436 0.504698
0.0119722 -0.0268113 0.503502
0.0127393 -0.0266878 0.502698
0.0135286 -0.0264422 0.502025
0.0144258 -0.0261971 0.501402
0.014898 -0.0259979 0.501085
0.0154099 -0.0257534 0.500874
0.0159363 -0.02551 0.500632
0.0165959 -0.025161 0.500329
0.0177263 -0.0245225 0.500352
0.0184817 -0.024078 0.500365
0.0192078 -0.0236622 0.500447

0.0101194 -0.0269363 0.505438
0.00991378 -0.02779 0.505623
0.00977235 -0.028369 0.505751
0.0095366 -0.0293399 0.505963
0.00946757 -0.0298212 0.506019
0.00928638 -0.0306362 0.506177
0.00920857 -0.0313263 0.506269
0.00903556 -0.0323587 0.506424
0.00893542 -0.0329367 0.506503
0.00888116 -0.0334052 0.506537
0.00875375 -0.0343947 0.506607
0.00861372 -0.0355853 0.506672
0.00850375 -0.0365784 0.506687
0.00840795 -0.0373903 0.506686
0.00831935 -0.0382242 0.50668
0.00827405 -0.0386502 0.506672
0.00822737 -0.038995 0.506645
0.00818368 -0.0394599 0.506614
0.00808941 -0.0402459 0.506571
0.00797915 -0.0411311 0.506481
0.00787518 -0.0419334 0.506421
0.00781956 -0.0422886 0.50641
0.00773551 -0.0428708 0.506386
0.0076403 -0.0435224 0.506379
0.00747603 -0.0444917 0.506368
0.00729722 -0.0454737 0.506386
0.00718469 -0.0461293 0.506396
0.00698611 -0.0469733 0.506511
0.00682863 -0.0476496 0.506595
0.00658069 -0.0487283 0.506734
0.00637232 -0.0495735 0.506834
0.00614059 -0.05052 0.506961

-0.0220771 -0.0612199 0.507638
-0.0225104 -0.0621433 0.507856
-0.0229115 -0.0630517 0.508171
-0.0233711 -0.0642163 0.508613
-0.0236908 -0.0650151 0.50894
-0.0239585 -0.0656623 0.509228
-0.0242351 -0.0663222 0.509547
-0.0245008 -0.0669623 0.509884
-0.0246709 -0.0673809 0.510129
-0.0249113 -0.0680121 0.510546
-0.0250933 -0.0686462 0.511089
-0.0252147 -0.0692716 0.51173
-0.0253012 -0.0698311 0.512339
-0.0253761 -0.0705589 0.513184
-0.0254091 -0.0709961 0.513706
-0.025439 -0.0716067 0.514451
-0.0254433 -0.0721712 0.51517
-0.0255249 -0.0726588 0.515664
-0.0256028 -0.0730687 0.516078
-0.0256849 -0.0735534 0.516589
-0.025799 -0.0740814 0.517165
-0.0263558 -0.0746848 0.517896
-0.0267366 -0.0750249 0.518319
-0.0271626 -0.0751944 0.518568
-0.0278713 -0.0754929 0.51902
-0.0282928 -0.075662 0.519287
-0.028846 -0.0758683 0.519639
-0.0292064 -0.0759997 0.51987
-0.0295856 -0.0761361 0.520116
-0.0303145 -0.0763972 0.520588
-0.0308811 -0.0764924 0.52088

-0.0220771 -0.0612199 0.507638
-0.0231044 -0.0606956 0.507476
-0.0236104 -0.0603637 0.507377
-0.0244773 -0.0601262 0.507268
-0.0253465 -0.0600117 0.507175
-0.0254978 -0.0599875 0.507161
-0.0261883 -0.0599513 0.50709
-0.0269326 -0.059993 0.506994
-0.0275883 -0.0600415 0.506919
-0.0284101 -0.060249 0.506747
-0.0290565 -0.0608042 0.506331

-0.0220771 -0.0612199 0.507638
-0.0213316 -0.0604393 0.507501
-0.0209116 -0.0600754 0.507445
-0.0201555 -0.0594158 0.507356
-0.0194422 -0.0589115 0.507299
-0.0188233 -0.0585162 0.507256
-0.0181262 -0.0580907 0.507217
-0.0175851 -0.0577779 0.507187
-0.0169878 -0.0574372 0.507152
-0.0163203 -0.0570656 0.507109
-0.0159061 -0.0568394 0.507082
-0.0149743 -0.0563423 0.507021
-0.0144966 -0.0561102 0.506991
-0.0138135 -0.0557825 0.506949
-0.0127906 -0.0553536 0.50689
-0.0120603 -0.0550554 0.506848
-0.0115017 -0.0548551 0.506814
-0.0108419 -0.0546342 0.506772
-0.010304 -0.054466 0.506737
-0.00939975 -0.0542388 0.506668
-0.00901726 -0.0541467 0.506638
-0.00839787 -0.0540438 0.506576
-0.00731939 -0.053889 0.506459
-0.00682876 -0.0538637 0.506383
-0.00571603 -0.0539443 0.506174
-0.00428888 -0.0542126 0.50571
-0.00323059 -0.0544169 0.505332
-0.00151014 -0.0544924 0.504653
-0.000839289 -0.054522 0.504387
-0.00013415 -0.0547851 0.504083

0.0219669 -0.0763152 0.51101
0.0211223 -0.0774659 0.51051
0.0208788 -0.0779266 0.510312
0.0205742 -0.07856 0.51008
0.0202724 -0.0794628 0.509654
0.020142 -0.0800548 0.509441
0.0199826 -0.0807369 0.509196
0.0199015 -0.0811217 0.509047
0.0197809 -0.08177 0.508785
0.0195476 -0.0827254 0.508324
0.019409 -0.0833736 0.508013
0.0193627 -0.0835895 0.507914
0.0192663 -0.0840062 0.507734
0.0191975 -0.0844157 0.507511

0.0219669 -0.0763152 0.51101
0.0228703 -0.0763523 0.511662
0.0235527 -0.0767963 0.512438

0.00773715 -0.053083 0.513617
0.00861818 -0.052468 0.514075
0.00937329 -0.0522574 0.514761
0.00954022 -0.0522261 0.514924
0.00983635 -0.0521715 0.515219
0.0104582 -0.0521159 0.515814
0.010953 -0.0521407 0.516324
0.0114544 -0.0522062 0.51686
0.0118675 -0.05232 0.51733
0.0121636 -0.0524187 0.517674
0.0126566 -0.0526304 0.518264
0.013241 -0.0529191 0.518975
0.0137175 -0.0532253 0.519567
0.0139278 -0.0533784 0.51983
0.0140399 -0.0534728 0.519972
0.0145897 -0.0539707 0.520666
0.015113 -0.054545 0.521316
0.0154779 -0.0549577 0.521759
0.0158892 -0.0554481 0.522266
0.0162937 -0.055993 0.522798
0.0166126 -0.0566212 0.52335
0.0169713 -0.0568085 0.523622
0.0173696 -0.0571313 0.524016
0.0176787 -0.0574913 0.524401

0.00773715 -0.053083 0.513617
0.00727021 -0.0537226 0.513769
0.00699654 -0.0541175 0.513849
0.00655142 -0.0550276 0.514274
0.00618691 -0.0558572 0.51473
0.00594365 -0.0564668 0.515105
0.00578282 -0.0568968 0.515391
0.00555989 -0.0575217 0.515829
0.00515494 -0.0588134 0.516907
0.00491773 -0.059438 0.51748
0.00509499 -0.0605334 0.518062

0.00773715 -0.053083 0.513617
0.00767059 -0.0526582 0.512955
0.0073869 -0.0522262 0.511956
0.00712034 -0.0518926 0.511122
0.00692472 -0.0513002 0.509898
0.0067132 -0.050772 0.508723
0.00652129 -0.0503931 0.507847
0.00614059 -0.05052 0.506961

0.0235527 -0.0767963 0.512438
0.0237369 -0.0773508 0.513698
0.0236903 -0.0776038 0.514305
0.023528 -0.0779881 0.514903
0.0234046 -0.078327 0.515381
0.0232527 -0.0788035 0.516012
0.0230661 -0.0793875 0.516766
0.0229822 -0.0798894 0.517044
0.0228639 -0.0805472 0.517444
0.0227146 -0.0813733 0.51794
0.0226315 -0.081823 0.518193
0.0225075 -0.0824767 0.51855
0.022419 -0.08294 0.518802
0.0222723 -0.0836685 0.519188
0.0221689 -0.0841617 0.519447
0.0220488 -0.0846636 0.519707
0.0219431 -0.0850969 0.519932
0.0217877 -0.0857212 0.520256
0.0216369 -0.0863044 0.520561
0.0214403 -0.0870297 0.520946
0.021155 -0.0880385 0.52149
0.0209843 -0.0886008 0.521801
0.0208237 -0.0891158 0.522089
0.0206899 -0.0895276 0.522323
0.0205531 -0.089925 0.522554
0.020443 -0.090243 0.52274
0.020203 -0.0909232 0.523139
0.0198956 -0.0917747 0.523644
0.0197062 -0.0925403 0.523943
0.0195712 -0.0932729 0.524189
0.0193351 -0.0937597 0.524323

0.0235527 -0.0767963 0.512438
0.0246731 -0.0770241 0.512374
0.0252163 -0.0770822 0.512157
0.0259276 -0.0771786 0.511864
0.0266677 -0.0773074 0.511599
0.0273919 -0.0774504 0.511351
0.0286707 -0.0777258 0.510881
0.0291124 -0.0778846 0.510598
0.0295976 -0.0780658 0.510268
0.0300799 -0.0783646 0.509661
0.0304627 -0.078626 0.509125
0.0307308 -0.0788185 0.508729
0.0308766 -0.0789228 0.508516
0.031109 -0.0790953 0.508154
0.031221 -0.0791781 0.507977
0.031651 -0.0794966 0.507295
0.0319739 -0.0797325 0.50678
0.0323967 -0.0800197 0.506122
0.0326791 -0.0802039 0.50569
0.0330162 -0.0804083 0.505194
0.0334962 -0.0806702 0.50452
0.0337926 -0.0807924 0.504143
0.0344547 -0.0809734 0.503384
0.0351857 -0.0811275 0.502577
0.035532 -0.0811645 0.502213
0.0358918 -0.0811608 0.501851
0.0364954 -0.0810619 0.501282
0.0376441 -0.0808064 0.500295

0.00509499 -0.0605334 0.518062
0.00419931 -0.0601161 0.518523
0.00365129 -0.0601102 0.518977
0.00314432 -0.0601089 0.519399
0.00241583 -0.0601195 0.520012
0.00198504 -0.060082 0.520394
0.00128006 -0.0604232 0.520893
0.000642081 -0.0606704 0.521363
6.33876e-05 -0.0609043 0.521783
-0.000433486 -0.0611112 0.522141
-0.000719608 -0.0612336 0.522346
-0.000949215 -0.0613331 0.522509
-0.00118871 -0.0614401 0.522678
-0.00195268 -0.0617851 0.523215

0.00509499 -0.0605334 0.518062
0.00577795 -0.0615013 0.518152
0.00611525 -0.0619938 0.518206
0.00683013 -0.0630664 0.518341

0.0120342 -0.07093 0.535141
0.0123928 -0.0702199 0.534912
0.0126037 -0.0696292 0.534582
0.0128343 -0.0689847 0.534166
0.0132586 -0.0682248 0.533657
0.0134507 -0.0676738 0.533077
0.0135951 -0.0673236 0.532698
0.0137008 -0.0670574 0.532411
0.0138706 -0.0666288 0.531954
0.0140064 -0.0662846 0.531595
0.0141201 -0.0659943 0.531297
0.0141979 -0.0657947 0.531094
0.0143789 -0.0653281 0.530625
0.0145832 -0.0647954 0.5301
0.0146736 -0.0645557 0.52987
0.0147438 -0.0643674 0.529691
0.0148793 -0.0640012 0.529347
0.0151857 -0.0631495 0.528557
0.0152384 -0.0629195 0.528329
0.0153359 -0.0624955 0.527911
0.0155326 -0.0616532 0.527086
0.0158453 -0.0607856 0.526378
0.0160025 -0.0603731 0.526054
0.0162143 -0.0598341 0.525644
0.0164605 -0.0593641 0.525342
0.0168007 -0.0586744 0.524903
0.0170994 -0.0581984 0.524668
0.0176787 -0.0574913 0.524401

-0.0243039 -0.0718913 0.490081
-0.0238672 -0.0716359 0.490215
-0.0233012 -0.0714014 0.490426
-0.0229615 -0.0713091 0.490576
-0.0226686 -0.0712189 0.490702
-0.0217496 -0.0709351 0.4911
-0.0210194 -0.0707134 0.491424
-0.020188 -0.0704694 0.491796
-0.0194703 -0.0702709 0.492164
-0.0189474 -0.0700246 0.492486
-0.0181162 -0.0697518 0.492968
-0.0167629 -0.0694323 0.493733
-0.0157054 -0.0692038 0.494361
-0.015246 -0.0691119 0.494652
-0.0151459 -0.0690946 0.494721
-0.0148632 -0.0690529 0.494934
-0.0141073 -0.0689657 0.495558
-0.0135257 -0.0689089 0.49606
-0.0128952 -0.0688507 0.496611
-0.0123696 -0.0688162 0.497098
-0.0119543 -0.0687755 0.497481
-0.0115448 -0.0687423 0.49786
-0.0110225 -0.0686487 0.49833
-0.0104358 -0.0685236 0.498849
-0.00975947 -0.0681172 0.499383
-0.00928146 -0.067644 0.499715
-0.00884932 -0.0671643 0.499998
-0.00822927 -0.0664455 0.500393
-0.00770205 -0.0658202 0.500723
-0.00726609 -0.065301 0.500995
-0.00674913 -0.0646694 0.501308
-0.00622778 -0.0640278 0.501621
-0.00571681 -0.0633965 0.501924
-0.00520132 -0.0627533 0.502234
-0.0044851 -0.0618516 0.50267
-0.00423571 -0.0615282 0.502825
-0.00380022 -0.0609223 0.503112
-0.00349335 -0.0604401 0.503335
-0.00296466 -0.0596672 0.503683
-0.00267336 -0.0591646 0.50388
-0.00200321 -0.0580874 0.504158
-0.0016023 -0.0570955 0.504385
-0.00110312 -0.0563037 0.504314
-0.000632574 -0.0555441 0.504235
-0.00013415 -0.0547851 0.504083

-0.0290565 -0.0608042 0.506331
-0.0295962 -0.0601075 0.506983
-0.0299975 -0.0600227 0.507116
-0.0306051 -0.0598772 0.507346
-0.0313804 -0.0596965 0.507642
-0.0319968 -0.0596735 0.507732
-0.0327672 -0.0596588 0.507737
-0.033243 -0.0596223 0.507652
-0.0338839 -0.0596432 0.50763
-0.0347271 -0.0597156 0.507652
-0.035584 -0.0597918 0.507668
-0.0374011 -0.0599983 0.50773
-0.0384425 -0.0601443 0.507767
-0.0394225 -0.0604029 0.507996
-0.040005 -0.0606239 0.508175
-0.0402763 -0.0607383 0.508271
-0.0410101 -0.0610539 0.508545
-0.041851 -0.0614058 0.508849
-0.0422881 -0.0617593 0.509179
-0.0424807 -0.0619237 0.509313
-0.0428088 -0.0622414 0.509576
-0.043269 -0.0627172 0.509923
-0.0438309 -0.0633041 0.510314
-0.0443466 -0.0638472 0.510639
-0.0448212 -0.0643525 0.510888
-0.0458025 -0.0654009 0.511362
-0.0461593 -0.0657857 0.511509
-0.0465105 -0.0661657 0.511649
-0.0470033 -0.0667068 0.511816
-0.0477163 -0.0674978 0.512044
-0.0485442 -0.0684301 0.5123
-0.0489623 -0.0689384 0.512432
-0.0491913 -0.069221 0.512504
-0.0494926 -0.0695883 0.512601
-0.050231 -0.0703414 0.512826

0.0171353 -0.0357017 0.460151
0.0172536 -0.0357277 0.461255
0.017326 -0.035743 0.462036
0.0173732 -0.0357557 0.462619
0.0174239 -0.0357755 0.463439
0.017435 -0.0357685 0.464003
0.0174691 -0.0358014 0.4646
0.0174283 -0.035743 0.465198
0.0173534 -0.0356384 0.465869
0.0171437 -0.0352343 0.466482
0.0169639 -0.0347509 0.467002
0.0168525 -0.0344162 0.467362
0.0167655 -0.0340748 0.467733
0.016578 -0.0333298 0.468545
0.0164349 -0.0326648 0.469256
0.0163235 -0.0320684 0.469887
0.0162686 -0.0316845 0.47029
0.0161799 -0.0311107 0.470901
0.0162292 -0.0300691 0.471761
0.0162206 -0.0296213 0.472227
0.0162093 -0.0290099 0.472862
0.0162094 -0.0287342 0.473146
0.0162735 -0.0281454 0.473693
0.0163419 -0.027317 0.474458
0.0163351 -0.0269209 0.474858
0.0163556 -0.0262376 0.475518
0.0163967 -0.0258907 0.475823
0.0164589 -0.025539 0.476108
0.0165378 -0.0251081 0.476454
0.0167042 -0.0244244 0.476945
0.0169497 -0.0234555 0.477618
0.0172201 -0.0226988 0.478033
0.0174543 -0.0221184 0.478292
0.0178301 -0.0212536 0.478604
0.0182241 -0.0202283 0.478793
0.018392 -0.0196547 0.478911
0.0189835 -0.0193362 0.478974
0.0196281 -0.0190211 0.478988

0.0256838 -0.0662996 0.532277
0.0256426 -0.0660601 0.53204
0.0256098 -0.065661 0.531671
0.0254181 -0.0651989 0.531203
0.0250475 -0.0642018 0.530625
0.0247335 -0.0635264 0.530252
0.0245408 -0.0631146 0.530047
0.0241282 -0.0620989 0.529415
0.0240216 -0.0618394 0.529258
0.0238543 -0.0614243 0.529009
0.0237029 -0.0610386 0.52878
0.0234812 -0.0604735 0.528443
0.0231114 -0.0595246 0.527869
0.0227638 -0.0591956 0.527542
0.0224539 -0.0588932 0.527245
0.0220591 -0.0585176 0.526872
0.0215307 -0.0580428 0.526384
0.0211466 -0.0577458 0.526052
0.02025 -0.0575065 0.525489
0.0195157 -0.0573956 0.525095
0.0190266 -0.05739 0.524887
0.0185727 -0.0573762 0.524689
0.0176787 -0.0574913 0.524401

0.00688702 -0.0570364 0.502115
0.00603785 -0.0561244 0.502418
0.00564498 -0.0557072 0.502628
0.00498401 -0.055081 0.502981
0.00438976 -0.0546515 0.503262
0.00331562 -0.0540053 0.503748

0.00331562 -0.0540053 0.503748
0.00428211 -0.0530194 0.504443
0.00486449 -0.0522954 0.505113
0.00520496 -0.0517584 0.505611
0.00552575 -0.0513074 0.506049
0.00614059 -0.05052 0.506961

0.00331562 -0.0540053 0.503748
0.00229824 -0.054216 0.503622
0.00122456 -0.0542669 0.503675

0.0249043 -0.0247916 0.509478
0.0245434 -0.0246321 0.508812
0.0240069 -0.0243854 0.507862
0.0238835 -0.0243286 0.507648
0.0235146 -0.0241596 0.507016
0.0232279 -0.0240349 0.506553
0.0229552 -0.0239178 0.506117
0.0225984 -0.0237712 0.505556
0.0222019 -0.0236183 0.504955
0.0217209 -0.0234728 0.504233
0.0213136 -0.02337 0.503615
0.020829 -0.0232816 0.50286
0.020253 -0.0233057 0.502056
0.0196356 -0.0235159 0.501132
0.0192078 -0.0236622 0.500447

-0.00013415 -0.0547851 0.504083
0.00122456 -0.0542669 0.503675

